4294967294,0
4294967279,22
4294967279,20
4294967279,19
4294967279,18
4294967279,13
4294967278,186
4294967278,337
4294967278,336
4294967278,335
4294967279,401
4294967278,334
4294967278,181
4294967279,399
4294967278,332
4294967278,331
4294967279,14
4294967279,394
4294967279,12
4294967279,10
4294967279,388
4294967279,298
4294967279,161
4294967279,157
4294967279,317
4294967279,294
4294967279,144
4294967279,307
4294967279,464
4294967278,404
4294967279,463
4294967279,462
4294967278,260
4294967279,260
4294967279,301
4294967279,286
4294967279,300
4294967279,299
4294967279,285
4294967279,450
4294967279,452
4294967279,259
4294967279,281
4294967278,384
4294967278,380
4294967278,377
4294967294,17
4294967294,82
4294967294,67
4294967294,99
4294967294,76
4294967294,43
4294967294,476
4294967294,25
4294967294,252
4294967294,26
4294967294,83
4294967278,256
4294967278,383
4294967278,370
4294967278,255
4294967278,373
4294967278,371
4294967278,253
4294967278,307
4294967278,346
4294967278,0
4294967278,249
4294967278,246
4294967278,244
4294967278,243
4294967278,240
4294967294,7
4294967294,22
4294967294,81
4294967294,266
4294967294,1420
4294967294,68
4294967294,11
4294967278,132
4294967278,131
4294967278,130
4294967278,129
4294967278,128
4294967278,127
4294967278,126
4294967278,125
4294967278,124
4294967278,123
4294967278,122
4294967278,121
4294967278,120
4294967278,119
4294967278,118
4294967278,117
4294967278,116
4294967278,114
4294967278,367
4294967278,113
4294967278,235
4294967278,112
4294967278,233
4294967278,111
4294967278,110
4294967278,229
4294967278,109
4294967278,108
4294967278,225
4294967278,107
4294967278,106
4294967278,105
4294967278,104
4294967278,103
4294967278,102
4294967278,366
4294967278,101
4294967278,365
4294967278,100
4294967278,99
4294967278,363
4294967278,98
4294967278,97
4294967278,361
4294967278,96
4294967278,95
4294967278,94
4294967278,93
4294967278,92
4294967278,91
4294967278,90
4294967278,89
4294967278,353
4294967278,87
4294967278,86
4294967278,85
4294967278,84
4294967278,83
4294967278,348
4294967278,82
4294967278,347
4294967278,81
4294967278,80
4294967278,344
4294967278,79
4294967278,78
4294967278,77
4294967278,76
4294967278,75
4294967278,74
4294967278,338
4294967278,73
4294967278,72
4294967278,71
4294967278,70
4294967278,69
4294967278,333
4294967278,68
4294967278,67
4294967278,66
4294967278,279
4294967278,65
4294967278,64
4294967278,402
4294967279,410
4294967279,87
4294967279,84
4294967279,83
4294967279,80
4294967279,406
4294967279,75
4294967279,73
4294967279,403
4294967279,69
4294967279,67
4294967279,395
4294967279,63
4294967279,392
4294967279,59
4294967279,55
4294967279,54
4294967279,50
4294967279,49
4294967279,384
4294967279,48
4294967279,43
4294967279,42
4294967279,41
4294967279,40
4294967279,38
4294967279,37
4294967279,36
4294967279,306
4294967279,30
4294967279,28
4294967279,304
4294967279,138
4294967279,0
4294967279,24
4294967279,276
4294967279,21
4294967279,302
4294967279,17
4294967279,283
4294967279,16
4294967279,15
4294967279,458
4294967279,11
4294967279,9
4294967279,8
4294967279,7
4294967279,6
4294967279,5
4294967279,4
0,5
4294967278,115
4294967278,239
4294967294,6
4294967294,5
4294967294,221
108,6
108,5
108,4
108,3
108,2
108,1
4294967279,461
4294967279,460
105,4
105,3
105,2
105,1
104,5
104,4
104,3
104,2
104,1
103,5
103,4
103,3
103,2
103,1
4294967294,1424
102,4
102,3
102,2
102,1
101,5
101,4
101,3
101,2
101,1
100,4
100,3
100,2
100,1
99,4
99,3
99,2
99,1
4294967294,1425
98,6
98,5
98,4
98,3
98,2
98,1
97,4
97,3
97,2
97,1
95,4
95,3
95,2
95,1
4294967278,403
4294967294,460
4294967278,401
4294967293,131
4294967293,130
4294967293,129
4294967293,128
4294967293,127
4294967293,126
4294967293,125
4294967293,124
4294967293,123
4294967293,122
4294967293,121
4294967293,120
4294967293,119
4294967293,118
4294967293,117
4294967293,116
4294967293,115
4294967293,114
4294967293,113
4294967293,112
4294967293,111
4294967293,110
4294967293,109
4294967293,108
4294967293,107
4294967293,106
4294967293,105
4294967293,104
4294967293,103
4294967293,102
4294967293,101
4294967293,100
4294967293,99
4294967293,98
4294967293,97
4294967293,96
4294967293,95
4294967293,94
4294967293,93
4294967293,92
4294967293,91
4294967293,90
4294967293,89
4294967293,88
4294967293,87
4294967293,86
4294967293,85
4294967293,84
4294967293,83
